0.000000000000000000e+00
0.000000000000000000e+00
0.000000000000000000e+00
0.000000000000000000e+00
0.000000000000000000e+00
0.000000000000000000e+00
2.491505872623275764e+02
0.000000000000000000e+00
1.997097676024594648e+03
0.000000000000000000e+00
7.981736977991347182e-01
1.860936559270203077e+02
2.223737592699415799e+01
5.335159640754849875e+01
8.246832757034239592e+01
7.718050560123515424e+01
8.614897843476701667e+01
1.416284813236866000e+02
2.522850682189176439e+02
5.928629319358939256e+02
4.162937108415369494e+02
2.769465729841961661e+02
2.261518659869336716e+02
1.935159741862834153e+02
1.542793294360812411e+02
1.248857719126091439e+02
9.909672054669557895e+01
8.005375365731563875e+01
6.700668201015405145e+01
5.786224963357685880e+01
4.783585313126577176e+01
3.974473175827308324e+01
3.339498408210851466e+01
2.892778242546466316e+01
2.555268762627624923e+01
2.385715319924325684e+01
2.168320408986911119e+01
2.021819367333190343e+01
1.846414075458502424e+01
1.763197530378617017e+01
1.691182413763661785e+01
1.617589033434677859e+01
1.544201582806025463e+01
1.466721073394174901e+01
1.369000810149007741e+01
1.235704471286262240e+01
1.146457755739743334e+01
1.070708022143413984e+01
9.864029013968126591e+00
8.980961958259557676e+00
8.304638579937556386e+00
7.991407221260019789e+00
7.431525992931285352e+00
6.863947547055510690e+00
6.393797864188205615e+00
5.958259218436261939e+00
5.538295958216423287e+00
5.277904094182115813e+00
5.238379848426744090e+00
5.106507885968267324e+00
4.905756642885943819e+00
4.981292965448114174e+00
4.801016318708278163e+00
4.662119568604959241e+00
4.519816699958907336e+00
4.538560590705665199e+00
4.456790011530150863e+00
4.268505883558492364e+00
3.997267073048036856e+00
3.860577061965438261e+00
3.535345843625251838e+00
3.356004635883591547e+00
3.045494707918823263e+00
3.030755637066190111e+00
2.844198148223123557e+00
2.608147887215469751e+00
2.557039369702435838e+00
2.387585707305674543e+00
2.313310772306530705e+00
2.262625255648998746e+00
2.117215020580629936e+00
2.122932610255936492e+00
2.044364089497231252e+00
1.908645025380584004e+00
1.781593094474566152e+00
1.732032393190797270e+00
1.749788570808583632e+00
1.638391444437831579e+00
1.669827230859938005e+00
1.647764864961654530e+00
1.570070563672525843e+00
1.518227797429151149e+00
1.425394436427824818e+00
1.514283655608692714e+00
1.453052047404254754e+00
1.407146894211196431e+00
1.413829189144504062e+00
1.413252605901525127e+00
1.460690854432005414e+00
1.384868548229671426e+00
1.344857181553211545e+00
1.363890531023379982e+00
1.368473078864701709e+00
1.330153528310644262e+00
1.339997655376184760e+00
1.286570345287001871e+00
1.299779094603006113e+00
1.267824053785865379e+00
1.214070436019905497e+00
1.212679830087004973e+00
1.152330719795549241e+00
1.166302440852434952e+00
1.128728945389895211e+00
1.080876609304996849e+00
1.084913178264746092e+00
1.023095803872715814e+00
1.040317319056684564e+00
9.858189266160377606e-01
9.853639604904558258e-01
1.001136580004828192e+00
9.681303944618049329e-01
9.887033589546986301e-01
9.969511833590001260e-01
1.002013559015293209e+00
9.662224645837191872e-01
9.447933691390633104e-01
9.871803092521341805e-01
1.017774427308809404e+00
1.000000000000000000e+00
1.045127210517336591e+00
1.022315033138853302e+00
9.682688144171007760e-01
9.830082652449614322e-01
1.019746003789545163e+00
9.615762323074392715e-01
9.638460204774166318e-01
9.461858820176536344e-01
9.581495434121868326e-01
9.131689375428525546e-01
9.334669680788585389e-01
9.071734769568167156e-01
9.295620014711238888e-01
8.957106405079344746e-01
9.074095971153595119e-01
9.326570339905390084e-01
9.130263102840604494e-01
9.213046437586310811e-01
9.289788937863521223e-01
9.263904775669552505e-01
9.406051256319383214e-01
9.727252838803293056e-01
9.314879303190710669e-01
8.905447788261110498e-01
8.587787898139473963e-01
9.153836497197661570e-01
8.322116926055720398e-01
8.888187852651425747e-01
9.064567723830544432e-01
8.653026554094109812e-01
8.711094632598026521e-01
8.902568560392427610e-01
9.345925079665708957e-01
9.009621786030571622e-01
8.781872234413737877e-01
9.081229066380167581e-01
9.441000977721318854e-01
9.103885559950420925e-01
8.622378103262062776e-01
8.571150305660941715e-01
8.802029954982049098e-01
8.425328675262105937e-01
9.227388370033335896e-01
8.479620699719730981e-01
8.079524987260097157e-01
8.617326124411295307e-01
8.849009148434020533e-01
8.057756182631585773e-01
8.420930524392821193e-01
7.894952739008014309e-01
9.010022069840118997e-01
7.533251729119719853e-01
8.012218893906410955e-01
8.176206113601859338e-01
7.939373737521797647e-01
8.222891033460518750e-01
7.897028465432867073e-01
8.366309106180853661e-01
8.527515208675047198e-01
8.119345205031328616e-01
8.016312057024046478e-01
9.754369141985131941e-01
8.651217082667627123e-01
1.074362646846509284e+00
1.032188949081942475e+00
9.684706502861795130e-01
8.006847084715628116e-01
9.946747644528222132e-01
8.494941963857481904e-01
9.688961550935170086e-01
8.529276579312412565e-01
8.474406304859601891e-01
9.505946673002226843e-01
9.613047154253802073e-01
9.310848582616185753e-01
1.062877500088684535e+00
9.474958707542836533e-01
1.071679604257290475e+00
1.115591803880364719e+00
1.169743727360419427e+00
9.783003092488914421e-01
1.093492302071521260e+00
1.383805306619928954e+00
1.245058663336618965e+00
1.401605428970249090e+00
1.208341643703064516e+00
1.761977152463682916e+00
1.790241668274942910e+00
1.228511952064299750e+00
1.451797000661816828e+00
1.711570462425756389e+00
1.168752892162323587e+00
2.011958865064516377e+00
1.818796778204389897e+00
2.250028397486993903e+00
1.463557419411975591e+00
2.471399347904465582e+00
2.473773024832973455e+00
2.316595926376729508e+00
2.130644579676620687e+00
2.222752480415703058e+00
2.359941177184717187e+00
1.982525408393861488e+00
3.064470479412354731e+00
2.774394001983669256e+00
3.355985175092427220e+00
3.525225225930338713e+00
3.714931281430676080e+00
4.539919975879953995e+00
2.475170884669418925e+00
3.071212630790023379e+00
3.909424093480074802e+00
3.233184422382778145e+00
6.119031749337521475e+00
3.318618409328280450e+00
4.405395343754257453e+00
4.281153914270656280e+00
4.854848917118027352e+00
4.825822392140770134e+00
4.869101462546549186e+00
5.753751992080055722e+00
5.607624818298837965e+00
6.310580770731439415e+00
5.936972817808294778e+00
6.337288312476724528e+00
7.123932344210149203e+00
5.690092872819265324e+01
