2.648988102692416646e+01
0.000000000000000000e+00
0.000000000000000000e+00
0.000000000000000000e+00
0.000000000000000000e+00
0.000000000000000000e+00
0.000000000000000000e+00
0.000000000000000000e+00
0.000000000000000000e+00
0.000000000000000000e+00
5.758572196507039109e-01
2.776732855163231317e+00
4.086848047216975033e+00
5.606294588294441716e+00
9.007277478641855240e+00
1.793919437595780764e+01
2.110113454879835615e+01
2.399333544278396246e+01
3.233650221122555735e+01
4.918533009578354864e+01
8.123068897468645844e+01
1.928797361048799246e+02
1.648633519476102549e+02
9.505146497886927648e+01
8.823447659531063891e+01
8.886994341535111630e+01
8.777720425000096327e+01
7.935936224335632971e+01
6.441213606250259716e+01
5.188153447981689226e+01
4.357145041320075052e+01
3.814026199987601728e+01
3.398487840625814727e+01
3.111618197748670767e+01
2.935808361030436942e+01
2.822511830137512590e+01
2.685871130306344412e+01
2.593007638169006768e+01
2.517297571140182910e+01
2.441748553010424772e+01
2.261436654056132411e+01
2.050720401840394302e+01
1.827928733146072560e+01
1.690325027948289360e+01
1.425028879309971863e+01
1.287060695918760977e+01
1.183240311041434367e+01
1.065386287209644856e+01
9.685135459206090758e+00
9.595973363166844905e+00
9.182201917627702770e+00
8.811799197028118869e+00
8.663050584954952171e+00
8.265774532028476784e+00
7.875667155007598730e+00
7.465548694308943745e+00
7.106831264965868478e+00
6.800095330790597359e+00
6.496178573943266699e+00
6.334815438721451031e+00
6.136587833697705996e+00
6.036575689370716091e+00
6.003585876154962975e+00
5.406880959122006836e+00
5.042710624951521226e+00
4.778326256357052770e+00
4.520693057169902218e+00
4.457500743031461710e+00
4.310213412848386660e+00
4.120227262620812070e+00
4.071155764731281934e+00
3.987585786953590450e+00
3.969678698541364792e+00
3.801499475303926179e+00
3.774045376747676706e+00
3.679669443722287880e+00
3.568913660058651960e+00
3.519747530308537709e+00
3.439337709771577156e+00
3.451829887343591530e+00
3.297230208223267844e+00
3.346208067799858910e+00
3.413513315075439536e+00
3.449033609080794704e+00
3.536005306309648155e+00
3.468971164601335477e+00
3.480853566483453232e+00
3.375825487271531422e+00
3.229778721123321539e+00
3.185823137235535008e+00
3.082455931496217882e+00
2.921867880769560166e+00
2.786663826639406150e+00
2.764221985089865274e+00
2.717724955433415523e+00
2.701400281206796539e+00
2.590777569487440424e+00
2.482109198418863016e+00
2.267321446276879371e+00
2.148845886724959353e+00
1.997641440497022192e+00
1.926702113533279137e+00
1.837701454446724059e+00
1.749035898361063213e+00
1.673628259127216689e+00
1.713419118046692002e+00
1.651044157963317049e+00
1.639977309449686782e+00
1.560149030564869310e+00
1.596539370373878164e+00
1.557274594103085663e+00
1.545889273794737173e+00
1.524734071202256569e+00
1.483528164404520178e+00
1.411396576136929815e+00
1.396885520608088571e+00
1.332677424284192558e+00
1.344530449981081732e+00
1.230870607087582558e+00
1.224260141540081115e+00
1.220616641100094713e+00
1.179947530749793749e+00
1.172946011032325098e+00
1.153550120362529574e+00
1.112030863644799972e+00
1.158414329548733690e+00
1.117408814126561900e+00
1.098056291978772858e+00
1.000000000000000000e+00
9.558547468005222925e-01
8.859617952682763420e-01
8.473278590873207783e-01
8.356223013780941233e-01
7.544883221359307557e-01
7.710601068615484666e-01
7.657359560489102046e-01
6.857031117278146182e-01
6.934300976788451143e-01
6.643297174454356746e-01
6.651126583436925976e-01
6.618088799079816509e-01
6.533858790846408526e-01
6.446998187653989465e-01
5.992577449661371514e-01
5.657078332069609417e-01
5.860889062016249040e-01
5.736892865119848084e-01
5.417375851163702682e-01
5.234476978304376527e-01
5.159459212589626587e-01
5.152961152674374601e-01
5.039225888552415489e-01
4.787803606287559521e-01
4.643838634750471206e-01
4.515543727828761345e-01
4.471774727932550375e-01
4.049721765086155001e-01
4.062528527306029646e-01
3.994937383831506095e-01
4.114676236055753722e-01
4.021692584706962892e-01
3.901418332595873451e-01
4.002369137575176317e-01
3.688516848533553993e-01
3.829239064623223276e-01
3.644840698407094681e-01
4.012897708426145238e-01
3.728174922349062892e-01
3.662460009800018179e-01
3.587680744931788790e-01
3.507262172171042858e-01
3.359572276747033182e-01
3.372340357498325725e-01
3.419200357524775358e-01
3.319123447629326318e-01
3.379976504133019866e-01
3.359119180682424433e-01
3.610640384164390815e-01
3.230565291004865447e-01
3.342964278574123704e-01
3.269149149947607746e-01
3.290749351788606614e-01
3.336481593823406588e-01
3.298159383970667990e-01
3.052209396495177973e-01
2.998147728594483530e-01
2.786853941255736378e-01
3.145456561534537010e-01
2.919509953490063148e-01
3.045039841330633434e-01
3.201485835082063525e-01
2.776747706230680568e-01
3.087217242342478740e-01
3.238134361415383466e-01
3.174981507287805149e-01
3.032897258692660025e-01
3.111079751443175945e-01
3.011190112416765596e-01
3.040795437927306666e-01
3.067700952140972603e-01
3.079790598838620941e-01
3.243962811491921672e-01
3.328893630912232449e-01
3.334479330274893738e-01
3.497055108005820423e-01
3.244474589548900778e-01
3.195879728222951743e-01
3.773630530930116578e-01
3.669154936637785691e-01
3.347846233964449914e-01
3.624646520903111457e-01
3.748292811125303881e-01
3.717677337523279113e-01
3.448127621786939989e-01
3.430221875468215664e-01
3.534159300584612251e-01
3.890233212946220820e-01
4.431040044724054994e-01
4.424645727565514330e-01
4.193268079507609380e-01
4.565111539425669163e-01
4.172115569361373733e-01
4.453325441385478367e-01
4.616532974898457931e-01
4.465842263085664787e-01
4.825402410965606292e-01
5.796733382573445725e-01
5.402053687538022064e-01
5.208776573169889845e-01
5.063824138458810076e-01
5.184744174720115062e-01
5.762927202010169614e-01
6.158071737042020155e-01
6.086126778220343203e-01
6.266777177353241024e-01
6.219007126576744371e-01
6.225947818666921485e-01
6.764816013411523166e-01
6.969821945323141366e-01
7.565219359183491532e-01
6.153092720710140462e-01
6.010484834619022054e-01
7.637866993750741518e-01
6.660024322879621872e-01
8.005353616633403835e-01
8.936824975666565196e-01
7.806704363441889782e-01
8.815867401191402886e-01
8.466308359118857041e-01
9.657634997736185278e-01
1.099106622757755503e+00
1.047376267251091786e+00
1.012049360576954493e+00
9.855216888715413459e-01
1.107004396778261013e+00
1.005647087498672709e+00
