1.032798443376264608e+01
0.000000000000000000e+00
0.000000000000000000e+00
0.000000000000000000e+00
0.000000000000000000e+00
0.000000000000000000e+00
0.000000000000000000e+00
0.000000000000000000e+00
0.000000000000000000e+00
0.000000000000000000e+00
1.151462364460735133e+00
7.492088013827413739e+00
8.012193810391098125e+00
9.072856765131112056e+00
1.424229681350329813e+01
2.666463289287110783e+01
4.792384028462289081e+01
6.314390341348365610e+01
7.939978568592221109e+01
9.170304290121741531e+01
9.448321221684838633e+01
9.177325102057703532e+01
9.053289700915523497e+01
8.494345743984514741e+01
7.741597323356151605e+01
6.516928004955032350e+01
5.887009112766354235e+01
7.003187200909057708e+01
5.820286772622807803e+01
7.916501669213559467e+01
5.978524567462982020e+01
5.998491090744312260e+01
7.360429663342256390e+01
5.773375227576911328e+01
5.229123040178803450e+01
5.162939942501071755e+01
4.474475295962928101e+01
3.793048162267888301e+01
3.049144901576060107e+01
2.640343698190016397e+01
2.421656016889145135e+01
2.225276559154697864e+01
2.218563987996885345e+01
2.110240667260480762e+01
2.147719075480813800e+01
1.976053733308738813e+01
1.877149943645288133e+01
1.742375094206865072e+01
1.647881096928922418e+01
1.604154346060785485e+01
1.508777491258583936e+01
1.451711675703024262e+01
1.384201382148251191e+01
1.295496410711333901e+01
1.180921546102996977e+01
1.106953097715563672e+01
1.038674290267381473e+01
9.316271329299766535e+00
8.927849929603349111e+00
7.997705416665161771e+00
7.604337334057987619e+00
7.126843620698567250e+00
6.869562081275089049e+00
6.658256599415874888e+00
6.576383579246370736e+00
6.652157002875647152e+00
6.212400694901019982e+00
5.911286167562781912e+00
5.696383128885166514e+00
5.487034372371796032e+00
5.284752952168890516e+00
5.117666631633476904e+00
5.046634288057171069e+00
4.983521582598628541e+00
4.938238988608533830e+00
4.872190757492294466e+00
4.557619862667843691e+00
4.333611113076448973e+00
4.020882187801450236e+00
3.818320023054465828e+00
3.624310769656788445e+00
3.412015396624874963e+00
3.235899281153321816e+00
3.058700837882211587e+00
2.886079297573543201e+00
2.744058744428304220e+00
2.602656821833604361e+00
2.473967126735458155e+00
2.386790667667845423e+00
2.300736558155362932e+00
2.213151157539082092e+00
2.208604632748788710e+00
2.107167587410312404e+00
2.033694577020372041e+00
2.034099441500383243e+00
1.957103805615740821e+00
1.914428362616165558e+00
1.902726211621336594e+00
1.845318330801979823e+00
1.840068987165092151e+00
1.834759965882901245e+00
1.790272647273602136e+00
1.746982316691233716e+00
1.745215514616456964e+00
1.654524207186492957e+00
1.630430841831414845e+00
1.603257041506129355e+00
1.573651006369426897e+00
1.567182870516858895e+00
1.570327118169125846e+00
1.547660029863899833e+00
1.513420197059788697e+00
1.465365307418407648e+00
1.423090377571057719e+00
1.444408693302851487e+00
1.381477732809065273e+00
1.310527082636503859e+00
1.247641472255504480e+00
1.233633907586773271e+00
1.208016915311154627e+00
1.150659325869076266e+00
1.135946209113793071e+00
1.113572484421795128e+00
1.117661894978432491e+00
1.067140622585840859e+00
1.056126448680916097e+00
1.023319753385359299e+00
1.016206803998641828e+00
1.000000000000000000e+00
1.044277246476462695e+00
1.027405469161115414e+00
1.066633805458036655e+00
1.123836971315862021e+00
1.092208555672211645e+00
1.067178342272475655e+00
1.093214273515690227e+00
1.073298401650759182e+00
1.001768867087475146e+00
9.789890798676010863e-01
9.631638142721763440e-01
9.662768030526380780e-01
9.788862501281756501e-01
9.547701195893334436e-01
9.475044529931512249e-01
9.706102522103937646e-01
9.883931439264144192e-01
9.589348693721370109e-01
9.436177783692397680e-01
9.328836247801421955e-01
8.737025177232320416e-01
8.390292305428742603e-01
8.013311999215056991e-01
7.851151411341007469e-01
7.241477624397741897e-01
7.056440958315780554e-01
6.945204074847283193e-01
6.703899563272422979e-01
6.312612164457617192e-01
6.252847192985337976e-01
6.244619858906492738e-01
5.555660151526066182e-01
5.741720822475410158e-01
5.134119568028766567e-01
4.970495400453397439e-01
4.863670391287929218e-01
4.662922482505573729e-01
4.511614817950418965e-01
4.387612086832274882e-01
4.235001340792146074e-01
4.020131912977794597e-01
4.231413523655133679e-01
4.155920157698573814e-01
3.737675584545804841e-01
3.552003212106906727e-01
3.685814149781612148e-01
3.467338907077072152e-01
3.440004539719314636e-01
3.214465434174925140e-01
2.979316961728302182e-01
3.099458879430017633e-01
2.995515328421110568e-01
2.894253505062792109e-01
2.732120174687910907e-01
2.721475736887877250e-01
2.783353926264188760e-01
2.573803507143271885e-01
2.541609952731053723e-01
2.458543643080294550e-01
2.507914650244692512e-01
2.537053496775546479e-01
2.525817026431330659e-01
2.398549970339298731e-01
2.301812183700971681e-01
2.306415568309408692e-01
2.460922075559587030e-01
2.371108232725423759e-01
2.343008824990220063e-01
2.188528368954537062e-01
2.125891368567635886e-01
2.061940552257562620e-01
2.066385668034007028e-01
2.104282998235794400e-01
2.123195725667234857e-01
2.095715872326534834e-01
1.967331687776740778e-01
1.942482370452475737e-01
1.994704938840982378e-01
2.237422778323055750e-01
2.019386897790501068e-01
1.928378468368523169e-01
2.235695846375056750e-01
2.215651543897106668e-01
1.933087396280982195e-01
2.099663200903383597e-01
2.264786215562140104e-01
2.000041126931257351e-01
2.249809725743248112e-01
2.055797547118085877e-01
2.196814039420872666e-01
2.457718438619767298e-01
2.608172022844812976e-01
2.344899894779921279e-01
2.254185902345329784e-01
2.360817436238731026e-01
2.822224732442634165e-01
2.801333405047006786e-01
2.730542534915039732e-01
2.964433717706869698e-01
2.781973390131330381e-01
3.636697637364871838e-01
3.177670756008931785e-01
3.335943807486267954e-01
3.243530969151357524e-01
3.479064327335689155e-01
3.925013755080105082e-01
3.687710112428568276e-01
4.048713002270976080e-01
3.722206086732321451e-01
4.043024261322669122e-01
3.630054595235261417e-01
3.723794953567948207e-01
3.750066860684181935e-01
4.292898414979369748e-01
4.103858060223600224e-01
4.165611085394500535e-01
3.642525881342256744e-01
4.542500465876884164e-01
5.021772447238581627e-01
5.001013738378102813e-01
5.050209818592394928e-01
6.015777247059173050e-01
5.299242541577772192e-01
6.236357533279572873e-01
5.202528084435138478e-01
5.470769862856317278e-01
4.460255223452206930e-01
