2.484504426109555505e-02
7.901279957090416237e-03
1.613929910408109028e-02
2.429675784375248324e-02
2.673903945950239711e-02
2.532434316789830206e-02
2.738715462671551665e-02
3.301968574239263349e-02
3.574375706326619884e-02
4.397512529871004661e-02
4.986047254226186332e-02
5.371895061929585907e-02
5.786658310889668949e-02
6.410662325418092777e-02
6.707055035696386780e-02
7.287967687739624334e-02
7.449209929624496518e-02
7.102906856641362510e-02
7.772499158731102642e-02
8.887305353013022491e-02
8.746435908321827102e-02
1.050028578816338404e-01
1.045429695283221772e-01
1.173298572404332385e-01
1.199885790605596109e-01
1.240337749493055364e-01
1.388703575421579017e-01
1.481465028284173757e-01
1.425686743604770712e-01
1.638002154361049567e-01
1.550436159284371562e-01
1.691905312243511261e-01
1.724417777126544538e-01
1.772239913625755225e-01
2.075860907484535778e-01
2.195926192011890266e-01
1.924694072055445626e-01
2.363897500380522654e-01
2.145029450388216130e-01
2.409504620174743594e-01
2.400669400156293376e-01
2.496648098787515591e-01
2.648898593663627232e-01
2.695031882018056879e-01
2.656444205701661287e-01
2.840621710902866970e-01
2.714102981636936085e-01
2.959057950299489037e-01
2.861087230084398136e-01
2.940117313394762233e-01
2.960678469846226846e-01
3.046913035227308830e-01
3.210800886352475070e-01
3.299276912018130892e-01
3.330107230344268032e-01
3.531156609776371358e-01
3.524392976656524623e-01
3.682734389123404339e-01
3.725578163901405171e-01
3.877482684691376247e-01
4.024000589262701766e-01
4.124346950129577083e-01
4.176424467740915136e-01
4.321406742560918168e-01
4.384825962658221443e-01
4.469503208355002921e-01
4.553904294473505865e-01
4.622176024385987736e-01
4.773156815901508088e-01
4.853960557497838391e-01
5.026846863230172158e-01
5.048152125018309233e-01
4.974749615291259586e-01
4.946529096981618356e-01
4.852961330664860018e-01
4.832086431649120217e-01
4.864789546176324642e-01
4.861900337607798495e-01
4.991473398962216756e-01
5.039932615368735158e-01
5.061323368863447358e-01
5.135317846072602332e-01
5.190131789615478608e-01
5.230592500657983424e-01
5.267586852664923880e-01
5.291433991198259967e-01
5.397701470409912439e-01
5.432740386876869776e-01
5.441511925534736616e-01
5.557611192337693629e-01
5.638486955941874879e-01
5.736276066259878847e-01
5.851784143118070602e-01
5.954808639542641391e-01
6.101993764360713612e-01
6.176135068916730475e-01
6.335266353290738284e-01
6.449551381728334531e-01
6.532609476691104700e-01
6.660040166052939581e-01
6.773828025846556633e-01
6.849646359990998468e-01
7.004364825292846986e-01
7.093958375187440213e-01
7.276437775132663655e-01
7.410378989873274147e-01
7.469924089574823123e-01
7.572321001314579192e-01
7.735161012697148175e-01
7.813387146154473495e-01
8.030214469652956488e-01
8.077044316619841346e-01
8.235656015048054002e-01
8.304598101470690441e-01
8.455115043534265906e-01
8.572925918879308327e-01
8.679010650503874436e-01
8.752078556072975246e-01
8.949861072516887006e-01
9.013550917587185296e-01
9.237788349586801839e-01
9.289955527233929589e-01
9.473494527074359794e-01
9.585551985757068127e-01
9.706174322018574774e-01
9.673424578198175361e-01
9.865502719924218455e-01
9.822034600000999482e-01
1.000000000000000000e+00
1.004625621317440487e+00
1.021422800585405133e+00
1.033699405978716124e+00
1.048664610721422363e+00
1.053862897716446367e+00
1.073814895382782630e+00
1.080167596613544889e+00
1.101380372309125777e+00
1.114565658010511440e+00
1.132224364234355241e+00
1.151851080754166645e+00
1.165453503224945342e+00
1.192920962911041549e+00
1.211260857155261217e+00
1.227122346680273646e+00
1.239973157950975180e+00
1.258194113066640973e+00
1.268703545424030299e+00
1.292814850606453403e+00
1.304250965971168741e+00
1.332833043249727289e+00
1.356737320784237699e+00
1.380097773163684982e+00
1.399890579222640596e+00
1.431421232179563630e+00
1.451072129327636739e+00
1.483148858687399985e+00
1.505726721509818011e+00
1.549180162645470871e+00
1.576009307715417584e+00
1.609048731229701268e+00
1.631575558861787512e+00
1.671090017614641932e+00
1.696388620127788016e+00
1.731323682141570952e+00
1.765393037249220143e+00
1.807459439895750197e+00
1.818377552540430653e+00
1.855375381277970970e+00
1.877517326957348631e+00
1.903037452835111720e+00
1.922344431123956587e+00
1.952793111819835392e+00
1.977152175624075081e+00
2.009142122958262888e+00
2.034177348430101784e+00
2.067788946901549796e+00
2.097749843395270375e+00
2.117498560795185725e+00
2.142966277365676131e+00
2.171276456976558134e+00
2.191037046272425570e+00
2.224066567867859501e+00
2.264944409846044504e+00
2.291749004821743263e+00
2.339240788219872247e+00
2.355262179808076617e+00
2.411826952684027248e+00
2.441937214819465574e+00
2.476958700805131919e+00
2.511118963377932722e+00
2.582330324219431095e+00
2.611184663004782358e+00
2.659181789124254625e+00
2.680241858214306383e+00
2.706501854233861692e+00
2.733081764870382901e+00
2.778395205125023359e+00
2.841162850861452593e+00
2.953987731671118055e+00
3.031863602975616523e+00
3.126258917468516252e+00
3.202228397647126634e+00
3.292282501932870087e+00
3.385226066795349098e+00
3.441412254137854454e+00
3.499629053563779735e+00
3.617277353566453968e+00
3.680903157364760148e+00
3.720809390444085096e+00
3.743831795556960440e+00
3.801400578524513740e+00
3.873527559663015207e+00
3.916880622253156474e+00
3.930773707704467768e+00
4.019480997627352892e+00
4.100708107306515693e+00
4.180309271810249250e+00
4.179900380519994130e+00
4.335913571339079731e+00
4.456303984812960195e+00
4.531458637142037560e+00
4.641226326580845551e+00
4.846924733088121329e+00
4.945407820331598536e+00
4.941573374326697632e+00
5.086591169688775338e+00
5.122428685673360960e+00
5.381710978728624362e+00
5.661287709037714500e+00
5.916621277379944921e+00
6.219131767553532697e+00
6.184339215143865864e+00
6.651467987891287237e+00
6.858831570693561197e+00
7.145715922475630144e+00
7.360746575113363832e+00
7.668310773121275403e+00
7.745454356619510428e+00
8.379604788410722094e+00
7.910413572520705650e+00
8.750042723467156947e+00
9.040417823110423967e+00
9.634450067388952377e+00
1.031867962834110308e+01
9.577963286872465787e+00
9.647174849033099520e+00
1.144254588368151460e+01
1.232097816768646759e+01
1.244844585287822447e+01
1.415193255554794227e+01
1.351608267490771986e+01
1.471728334626310541e+01
1.655306473504512965e+01
1.614451059912389397e+01
1.770241946505935360e+01
6.115409493417924125e+01
