3.690009093947070346e-03
8.582187018286516200e-03
1.872389985406031077e-02
2.725555593358527234e-02
2.627637338572922504e-02
2.477444388145318491e-02
2.768552194515249906e-02
3.164447616098468169e-02
3.531893184976553357e-02
3.754206439235133891e-02
4.105237957500487006e-02
4.641486473445571859e-02
4.999505708472459786e-02
5.381498775644848881e-02
5.832938019455086859e-02
6.322639549397343628e-02
6.773477073097870782e-02
7.331528655276112194e-02
7.961094274347012278e-02
8.530171112623043117e-02
9.103307915838911024e-02
9.659669607114487744e-02
1.024645554340503778e-01
1.090053471569237820e-01
1.158105618390548597e-01
1.221804017070228787e-01
1.279547402578664894e-01
1.360045046284500958e-01
1.446930769948722162e-01
1.510277553984956111e-01
1.570754113329987656e-01
1.618815922889755288e-01
1.666485412207073524e-01
1.729421583632582138e-01
1.831306525830786458e-01
1.918694941205711102e-01
1.982330700287986691e-01
2.044479570421028070e-01
2.117636302609525178e-01
2.187896542728844096e-01
2.246330864183642417e-01
2.308696169479220739e-01
2.372236628642737932e-01
2.441010861061748416e-01
2.511405304968096219e-01
2.584304435546040946e-01
2.662690783090399527e-01
2.730877426004502118e-01
2.815501331699000187e-01
2.907414796377074118e-01
3.024586845151425174e-01
3.142084794998689090e-01
3.266927410233996798e-01
3.401426576148801062e-01
3.522899935690445572e-01
3.601177905100652610e-01
3.657348399362689295e-01
3.717780721798621402e-01
3.786775553859729193e-01
3.867287015732052136e-01
3.951286521660128392e-01
4.033230075075592280e-01
4.131041675979101879e-01
4.241952212101566255e-01
4.369124809907498630e-01
4.487087370737433689e-01
4.595357165550860157e-01
4.711959400051219937e-01
4.819831812520000147e-01
4.916297191128565780e-01
5.009740615427334953e-01
5.092600546708145881e-01
5.156685039647900259e-01
5.272804242861038881e-01
5.389770858754390215e-01
5.515040631407661653e-01
5.642009883944567594e-01
5.760310512828666907e-01
5.856479061730752722e-01
5.958037489951363286e-01
6.028283017995765825e-01
6.105574931653383608e-01
6.179536569306006699e-01
6.244952263956479177e-01
6.312041975256756920e-01
6.338810361191946630e-01
6.307502971270483316e-01
6.292724520475957428e-01
6.310883051042303071e-01
6.364226098937645348e-01
6.460835949491815500e-01
6.586963758274712033e-01
6.705360125138355443e-01
6.795192494358521795e-01
6.891135807138064617e-01
6.970264419952379997e-01
7.032941531389323986e-01
7.132090499152099472e-01
7.255276548663588398e-01
7.401501344868789412e-01
7.518494826309027879e-01
7.632918955916890846e-01
7.714532619406955227e-01
7.792010801147952748e-01
7.869273976870131415e-01
7.944027847423051902e-01
8.031066282178755955e-01
8.106193911260674012e-01
8.210236183963175449e-01
8.323740620818288471e-01
8.341089410946871396e-01
8.395543120435120521e-01
8.457904433622871476e-01
8.513372999248178807e-01
8.591840036184185125e-01
8.643729607719145003e-01
8.738321720809482107e-01
8.809012479076965274e-01
8.916682074153651216e-01
9.019650169833370867e-01
9.122262897977027052e-01
9.156766849736808211e-01
9.240332528696965086e-01
9.331058033448603739e-01
9.459044217021516099e-01
9.601924416864519030e-01
9.742375118046143756e-01
9.870709966444599637e-01
1.000000000000000000e+00
1.010405303269525934e+00
1.016464409211542019e+00
1.024587151050638134e+00
1.035062335442460402e+00
1.042933573108174361e+00
1.051468156034165213e+00
1.059374964230186844e+00
1.061847891686180878e+00
1.074580853661535107e+00
1.091578050006785316e+00
1.109695018430895797e+00
1.124250615744485593e+00
1.147745521621197584e+00
1.165520989719707856e+00
1.185584337220366713e+00
1.205629961036461806e+00
1.225725018359600682e+00
1.242668855925899374e+00
1.256717583120856352e+00
1.276233089390933939e+00
1.290361138704859023e+00
1.309262231506285179e+00
1.333099581974273029e+00
1.357566955984120582e+00
1.382388734802054264e+00
1.402666550791589639e+00
1.423944871987543159e+00
1.441628504947340517e+00
1.461585523490413596e+00
1.479628608162656622e+00
1.494457138120484530e+00
1.514768153451660826e+00
1.536400939100669882e+00
1.567767004701261069e+00
1.594594429908452460e+00
1.621619233090306311e+00
1.647632125744279197e+00
1.672995277283443549e+00
1.693475556291750728e+00
1.715907853105881120e+00
1.732458573572109861e+00
1.748108707687605401e+00
1.773237719545357471e+00
1.812514289493168951e+00
1.850104343196502965e+00
1.887672327140579975e+00
1.920724194540003094e+00
1.950440069486047534e+00
1.975140442994176349e+00
2.006739035100673529e+00
2.030980861664570813e+00
2.057831802418161438e+00
2.086105135235941876e+00
2.115512129886663040e+00
2.143561306809205647e+00
2.184033802632205035e+00
2.222180709566975221e+00
2.262001133186619217e+00
2.298323557341566126e+00
2.333474870171258875e+00
2.356041004898523639e+00
2.394477469501829603e+00
2.412846243565895499e+00
2.433078307844904309e+00
2.467438901577969190e+00
2.511299356626114587e+00
2.561626963292241044e+00
2.610068696643717878e+00
2.675301750027998970e+00
2.727919142750722781e+00
2.767862635113349512e+00
2.829856756679928420e+00
2.929208624317666931e+00
2.986022352935012059e+00
3.084672782574739536e+00
3.100310385693594295e+00
3.038009699550226372e+00
3.088262237088667206e+00
3.152291661122846644e+00
3.225083636465877923e+00
3.307209034929127434e+00
3.377866536993745505e+00
3.455919754721779924e+00
3.534267375585144144e+00
3.613853309148622017e+00
3.694201554413092392e+00
3.776261249903656303e+00
3.854638380476938408e+00
3.934999849803929806e+00
4.022303309328620458e+00
4.130511583418896571e+00
4.248001001503913798e+00
4.339358500225463544e+00
4.464739626650521487e+00
4.625751488730623251e+00
4.801158603559979809e+00
4.932075094149827699e+00
5.123736373226315699e+00
5.298287738143161896e+00
5.407115286263208809e+00
5.544957208163831197e+00
5.718101866971058378e+00
5.884917054475779175e+00
6.091625418911642775e+00
6.256751020602173696e+00
6.477542674770866427e+00
6.624791026518897397e+00
6.830900358178331189e+00
7.094248775839190557e+00
7.423443250671467375e+00
7.849033271592438687e+00
8.102690724758835117e+00
8.294214700507563265e+00
8.676475094928425946e+00
9.222287040470408925e+00
9.713563766858946735e+00
9.951239117557349800e+00
1.051228599200899971e+01
1.072466924380594655e+01
1.124998408976770747e+01
1.195411968733653119e+01
1.316093826214068763e+01
1.342154385758466617e+01
1.340646803590722769e+01
1.438091504464874504e+01
1.759417866716404077e+01
6.190091914712218113e+01
