5.091481612564088127e-03
1.115754493247364879e-02
2.278549545448517802e-02
3.250262437422236222e-02
3.234493489436912617e-02
3.138802949653125146e-02
3.494790458988896592e-02
3.952400550273445223e-02
4.350695165642984308e-02
4.697916323783100923e-02
4.758076421623143315e-02
5.141125792325348248e-02
5.785634251837358522e-02
6.349244546755078433e-02
6.774237292835579016e-02
7.267042018968505879e-02
7.773312326728754051e-02
8.284184573548106223e-02
8.748749830012153561e-02
9.154896277502636015e-02
9.634568224277863246e-02
1.034643014005516976e-01
1.117391976319450503e-01
1.210774926620960534e-01
1.305899276824073196e-01
1.399935490940415195e-01
1.482343985431917033e-01
1.551583103454899359e-01
1.604644666052083279e-01
1.664472960612475017e-01
1.717079376473651942e-01
1.773426258841082348e-01
1.863608398531125254e-01
1.942428189872049960e-01
1.988538976940518455e-01
2.039306108987746224e-01
2.108561716008162390e-01
2.183703010962116942e-01
2.297454059464922593e-01
2.445345452146456822e-01
2.557114907299273820e-01
2.664237803015686024e-01
2.708963499792401142e-01
2.750043410697462498e-01
2.806481095551175975e-01
2.887506442679942387e-01
2.944493672133857709e-01
3.001452104092331430e-01
3.066793995441779996e-01
3.133896688324512847e-01
3.200499835328947662e-01
3.268502504890457572e-01
3.348797439570450618e-01
3.437556253957220753e-01
3.532629414899512432e-01
3.621156969827332150e-01
3.677963860525215178e-01
3.779927245347013409e-01
3.882790566797078569e-01
4.034631289832067980e-01
4.136754113549836465e-01
4.244127443067765015e-01
4.338091752430452974e-01
4.443617317709180892e-01
4.562342310546603219e-01
4.667605345875699974e-01
4.806024110901033208e-01
4.984203767033795751e-01
5.163213845741811969e-01
5.295185212628051863e-01
5.396658468866462055e-01
5.476481170273720389e-01
5.551562356816869270e-01
5.649407948851368211e-01
5.799222163742462355e-01
5.895152693075238481e-01
5.980565575821421564e-01
6.102183594233110409e-01
6.191900980927835807e-01
6.279819656422985785e-01
6.360544718068151804e-01
6.466670605552650164e-01
6.550567531763922258e-01
6.668155790399047378e-01
6.748618563943095117e-01
6.849032134887693690e-01
6.949418082965346244e-01
7.047591676040477759e-01
7.125282149426243050e-01
7.198377590431052075e-01
7.293734354601374426e-01
7.408855727608461006e-01
7.503270339959088320e-01
7.609884823679818888e-01
7.706176299483565861e-01
7.762685054428275500e-01
7.804587423209177199e-01
7.869788139711701991e-01
7.889053696836272334e-01
7.975499883655349231e-01
8.047381998615001919e-01
8.111451587762695814e-01
8.253603640253023288e-01
8.300098977845233872e-01
8.412473164097260536e-01
8.569437197587163046e-01
8.690672151078974172e-01
8.783515501628709199e-01
8.870693044803759086e-01
8.918707009253711293e-01
8.962930006278501116e-01
9.018229506321869815e-01
9.008451290365214748e-01
9.011440785448200375e-01
9.063375579833690132e-01
9.061521049283171036e-01
9.121093310684146305e-01
9.145969578648356357e-01
9.087805918216556034e-01
9.114822359260685847e-01
9.135437562699054714e-01
9.029602019116628187e-01
8.908058992914571483e-01
8.889254569969202713e-01
8.860790783640359880e-01
8.942584680527910779e-01
9.330339963985335716e-01
9.723481623160924459e-01
1.000000000000000000e+00
1.022607213445847485e+00
1.042366518059795855e+00
1.051174882432181379e+00
1.065800343959591556e+00
1.080739721682036913e+00
1.099433759560537682e+00
1.115878552044549776e+00
1.130315523365994723e+00
1.155195729371182756e+00
1.169630620124501474e+00
1.171854650817459653e+00
1.181987710924955248e+00
1.184740164586772782e+00
1.193824317413158864e+00
1.201531307244727342e+00
1.210398275813497460e+00
1.219758317181277363e+00
1.228579118639980150e+00
1.246973507854139962e+00
1.267721065860984542e+00
1.286543877643919531e+00
1.307297504779098007e+00
1.328276189568047494e+00
1.344997198142907413e+00
1.361265684684144661e+00
1.379212599595469380e+00
1.401446702662613397e+00
1.415646945202943208e+00
1.432353276952425869e+00
1.452575508621061662e+00
1.476161577460613161e+00
1.499415383976485883e+00
1.527279622454178920e+00
1.552159824828126089e+00
1.569228043276540419e+00
1.586355275515826113e+00
1.603921740812118468e+00
1.631884924648163482e+00
1.662677697343755812e+00
1.690978381264571118e+00
1.720028196800010845e+00
1.755758247450566856e+00
1.779567668917857670e+00
1.790061843868273606e+00
1.801002017743857042e+00
1.781418286538369644e+00
1.769051237324825721e+00
1.744393446923109936e+00
1.707068311299764884e+00
1.722074988442952259e+00
1.783151385793703136e+00
1.884704870209090055e+00
1.991434712138766105e+00
2.053358876603112559e+00
2.117910883921421572e+00
2.160938168784022118e+00
2.220544821036220640e+00
2.262459911157413739e+00
2.311897516497519067e+00
2.343659452889482520e+00
2.384057658228265542e+00
2.398447173604693727e+00
2.413174412997813878e+00
2.431639030932671197e+00
2.440109839512565326e+00
2.468163865900530052e+00
2.507090991464152374e+00
2.540783598277891908e+00
2.589952329740135006e+00
2.636093899831476683e+00
2.695189023321143740e+00
2.733099752842958363e+00
2.777468903454644700e+00
2.801538259132910991e+00
2.841448149553339686e+00
2.893555846872430948e+00
2.939094429596590174e+00
2.975098732645500288e+00
2.994876724061233286e+00
3.024041523382784646e+00
3.059381228901274952e+00
3.074621761693610011e+00
3.094035873830364824e+00
3.158609792434962316e+00
3.314307035914000554e+00
3.474835339486617602e+00
3.639160281976947520e+00
3.803976061031332456e+00
3.963879431742534099e+00
4.094088756670750229e+00
4.194456372586358839e+00
4.367881043545511766e+00
4.508791010342537042e+00
4.541739502451674682e+00
4.696152165990950422e+00
4.835704714445228980e+00
5.059550685437558037e+00
5.136766177349813667e+00
5.360377780992084951e+00
5.509341008480145518e+00
5.590774855208075600e+00
5.870671878442743186e+00
6.036776599579242841e+00
6.203372901214344814e+00
6.392281562794531524e+00
6.329820832236576322e+00
6.580117259412902264e+00
6.785339882027594527e+00
7.210127059540266004e+00
7.276433150001506256e+00
7.453561714445272379e+00
8.026973938690479926e+00
8.548111578011562628e+00
8.948539943333004842e+00
9.333362237519551741e+00
9.686753911605281431e+00
1.021371754912478558e+01
1.072221790266046959e+01
1.146137058323183311e+01
1.234932208396471154e+01
1.333247243358002976e+01
1.592814005533686483e+01
1.507459119734589414e+01
1.554764530104642972e+01
1.886033221036281660e+01
2.118609110273553853e+01
7.417844978783782039e+01
