2.484260826751867948e-02
7.900543001467455820e-03
1.613786102743515125e-02
2.429467863574992850e-02
2.673599454264554212e-02
2.532117067962458626e-02
2.738438002930849643e-02
3.301657944683951407e-02
3.574011288686539806e-02
4.397021331286743440e-02
4.985518682421732212e-02
5.371365111634546219e-02
5.786086213408127982e-02
6.410084670510342308e-02
6.706451689001942384e-02
7.287408694720419466e-02
7.448763648282642758e-02
7.102330895622412099e-02
7.771672524053629960e-02
8.886292435591841565e-02
8.745415668143362298e-02
1.049947568610297560e-01
1.045373795408715972e-01
1.173250042300647139e-01
1.199830686913305605e-01
1.240261448639557312e-01
1.388591161319174816e-01
1.481318947083420379e-01
1.425517510642207997e-01
1.637786350158217108e-01
1.550208710042501603e-01
1.691669229396923213e-01
1.724186592269206508e-01
1.772011443621845372e-01
2.075614088223400877e-01
2.195687759402307204e-01
1.924508967036608620e-01
2.363701472413340110e-01
2.144889095800124046e-01
2.409356621283861022e-01
2.400527892049000300e-01
2.496486401866429283e-01
2.648694441991671367e-01
2.694786732521944894e-01
2.656176523289245917e-01
2.840320281587614404e-01
2.713802406320963700e-01
2.958686143873975882e-01
2.860693957599095838e-01
2.939677817021351669e-01
2.960224553115700652e-01
3.046442280280242665e-01
3.210326705876583864e-01
3.298833910417467985e-01
3.329735382856072179e-01
3.530827760392389325e-01
3.524146963163586888e-01
3.682549139906173274e-01
3.725469759178155482e-01
3.877420361567003870e-01
4.023966000873352988e-01
4.124318034207322126e-01
4.176368817643275611e-01
4.321271394463697124e-01
4.384608879305191831e-01
4.469190398712232226e-01
4.553466790329707692e-01
4.621630367408935403e-01
4.772483019337222521e-01
4.853181443444371523e-01
5.025961352998314924e-01
5.047233451668401427e-01
4.973861496633791845e-01
4.945701331120557764e-01
4.852219750366951745e-01
4.831422058400462460e-01
4.864176185423929599e-01
4.861359506713296974e-01
4.990959547257457496e-01
5.039453028359638376e-01
5.060875560740517587e-01
5.134886664759830133e-01
5.189725716960895685e-01
5.230202934219838617e-01
5.267215693512968810e-01
5.291063177277421925e-01
5.397291685222627144e-01
5.432306225193332949e-01
5.441042571624969959e-01
5.557095740404445205e-01
5.637923468445870112e-01
5.735658413566254721e-01
5.851120086987563473e-01
5.954093667943817225e-01
6.101214033023439898e-01
6.175294615153171796e-01
6.334369608188985534e-01
6.448629806027869060e-01
6.531655633460792254e-01
6.659056336140659615e-01
6.772814265823426938e-01
6.848584438892171278e-01
7.003255259995728732e-01
7.092816236297790899e-01
7.275273922337086585e-01
7.409203506664880923e-01
7.468752365799603554e-01
7.571166501981192454e-01
7.734029740331331837e-01
7.812286306121487556e-01
8.029153383663197863e-01
8.076068572505391563e-01
8.234738077097530917e-01
8.303784651108007120e-01
8.454393948117646662e-01
8.572297273935165496e-01
8.678495643327613918e-01
8.751687665373568681e-01
8.949576682293460816e-01
9.013383649918356166e-01
9.237711018282301900e-01
9.289957891705065141e-01
9.473548564946666639e-01
9.585646216819974086e-01
9.706293999766438807e-01
9.673562237997813673e-01
9.865613380015572087e-01
9.822089327256693370e-01
1.000000000000000000e+00
1.004616114008554550e+00
1.021403747214598257e+00
1.033669837729852992e+00
1.048620912522386206e+00
1.053806139041916445e+00
1.073741955572802276e+00
1.080079110689435185e+00
1.101274200245353940e+00
1.114441501911108690e+00
1.132079817985197190e+00
1.151686530479139270e+00
1.165267723055930293e+00
1.192711760161378365e+00
1.211031472107995555e+00
1.226877544398474740e+00
1.239717341646106252e+00
1.257933873002097469e+00
1.268441036083157503e+00
1.292548979967499623e+00
1.303988552223431352e+00
1.332567125108972128e+00
1.356472909167010243e+00
1.379831480604463145e+00
1.399626105192761205e+00
1.431155666510509405e+00
1.450814389497408374e+00
1.482894577024738592e+00
1.505485084315111299e+00
1.548949446717550860e+00
1.575798993451999364e+00
1.608858211212251144e+00
1.631410449059756518e+00
1.670947308801573827e+00
1.696275691814290942e+00
1.731240504344355946e+00
1.765331820558705189e+00
1.807421786750610160e+00
1.818381025737096035e+00
1.855389962680724647e+00
1.877561934459638149e+00
1.903085448360466003e+00
1.922393136319162865e+00
1.952846603698594308e+00
1.977191219010560497e+00
2.009158077650237129e+00
2.034175382382140018e+00
2.067758597733818871e+00
2.097690037483297854e+00
2.117407630137902341e+00
2.142820351329234096e+00
2.171098404628100553e+00
2.190819471676815677e+00
2.223817475195425608e+00
2.264651510150531788e+00
2.291426579934293439e+00
2.338888118714013586e+00
2.354864581221759678e+00
2.411401824656989934e+00
2.441484915627451180e+00
2.476487841962520697e+00
2.510637566972014678e+00
2.581824421392473035e+00
2.610663334081725573e+00
2.658648985435360768e+00
2.679700396346505809e+00
2.705949125907307629e+00
2.732528750050283506e+00
2.777843801253025546e+00
2.840644131256062632e+00
2.953511167626877043e+00
3.031447128023279980e+00
3.125899184190111146e+00
3.201948129073337590e+00
3.292068533726279167e+00
3.385114169857046384e+00
3.441367088932011598e+00
3.499622384782513862e+00
3.617394021265979642e+00
3.681051919679401596e+00
3.720934036877193485e+00
3.743905200718619763e+00
3.801456846614003737e+00
3.873534234567353352e+00
3.916867629365139880e+00
3.930695039431824078e+00
4.019303904389178506e+00
4.100471753311228262e+00
4.180017270978825472e+00
4.179553117058365963e+00
4.335428492584532556e+00
4.455751023851898474e+00
4.530806012384256398e+00
4.640447792211816136e+00
4.845951974927219297e+00
4.944380961050602430e+00
4.940707744367101917e+00
5.085717155724206684e+00
5.121568986089440223e+00
5.380830478210226531e+00
5.660444238884400292e+00
5.915749218547334820e+00
6.218389650948539682e+00
6.183753067422077976e+00
6.651022400530647971e+00
6.858617067782534882e+00
7.145891104259757043e+00
7.360821977189164755e+00
7.668471802345861121e+00
7.745357480414911677e+00
8.379138887421099469e+00
7.909660214111694287e+00
8.748735620400067248e+00
9.038672716374362537e+00
9.632520195425264831e+00
1.031646863571817541e+01
9.576289764809889249e+00
9.645834060491203843e+00
1.144119495405166553e+01
1.231994723294072003e+01
1.244765192241450791e+01
1.415224984483470827e+01
1.351533750708571624e+01
1.471680060408029078e+01
1.655259607286405910e+01
1.614365415068006016e+01
1.770080646486150755e+01
6.114761096309092636e+01
