3.690453219373717331e-03
8.583193864139113810e-03
1.872556731257317766e-02
2.726028205175855951e-02
2.628007079802378507e-02
2.477682526197674817e-02
2.768837396166848319e-02
3.164814532485674126e-02
3.532294303943340347e-02
3.754666962787372997e-02
4.105911037701655969e-02
4.642159590173099148e-02
4.999986567019359257e-02
5.381765748930539967e-02
5.833072353729057413e-02
6.322912203857655733e-02
6.774129273809827156e-02
7.332686408082245144e-02
7.962727896226227953e-02
8.531943941864963965e-02
9.104881772874766355e-02
9.660845998210969288e-02
1.024717305111093185e-01
1.090101420209348276e-01
1.158161957007588783e-01
1.221892360592708171e-01
1.279677500240228305e-01
1.360238739142565767e-01
1.447195152737005830e-01
1.510583890486242586e-01
1.571078098790633093e-01
1.619133921612070370e-01
1.666776729355789743e-01
1.729674973317502640e-01
1.831524805631619401e-01
1.918887572292032884e-01
1.982511783106751246e-01
2.044659858800790542e-01
2.117808017102393858e-01
2.188053793978865791e-01
2.246473945901028280e-01
2.308840780199244158e-01
2.372393683261991848e-01
2.441189411607289639e-01
2.511618317985116478e-01
2.584544098177268268e-01
2.662959132885758806e-01
2.731169792067814628e-01
2.815837974426693702e-01
2.907805614421424822e-01
3.025047865710299155e-01
3.142598015675091561e-01
3.267473012048514036e-01
3.401958099418259662e-01
3.523393368606196341e-01
3.601647482538836709e-01
3.657837461266366108e-01
3.718297540838281234e-01
3.787285658693179680e-01
3.867768038783582218e-01
3.951737109326590169e-01
4.033641915963958047e-01
4.131392651940409277e-01
4.242226746616836741e-01
4.369340281901232248e-01
4.487282163177003791e-01
4.595579560571805278e-01
4.712243591272565757e-01
4.820195540588647076e-01
4.916753330817546508e-01
5.010283295281159344e-01
5.093221563106972161e-01
5.157382989482010016e-01
5.273607076937257832e-01
5.390686853217636632e-01
5.516084455069006909e-01
5.643141442081994752e-01
5.761503128094911386e-01
5.857670816225438726e-01
5.959188171054606853e-01
6.029375724667745962e-01
6.106630838762632241e-01
6.180592532014910212e-01
6.245997998484247304e-01
6.313057843676228575e-01
6.339755808142832905e-01
6.308317046402367456e-01
6.293427553401766961e-01
6.311518663773885152e-01
6.364858836202533787e-01
6.461524306777473026e-01
6.587738560600496784e-01
6.706232844231652113e-01
6.796175231307213238e-01
6.892217203820220073e-01
6.971430679536469999e-01
7.034190108592670576e-01
7.133365978689456544e-01
7.256593657635823647e-01
7.402826087368015173e-01
7.519835704080952699e-01
7.634302505473148370e-01
7.715990380514693436e-01
7.793529834222728825e-01
7.870835490320400307e-01
7.945628087114564586e-01
8.032648456224387168e-01
8.107754770300191760e-01
8.211777763097430904e-01
8.325205718212524975e-01
8.342482473440199220e-01
8.396795956626844637e-01
8.458994322941568722e-01
8.514284753797696226e-01
8.592544779941404531e-01
8.644302913102465125e-01
8.738843493062321555e-01
8.809524731405677933e-01
8.917226895940789655e-01
9.020185746198264853e-01
9.122783921841972621e-01
9.157183454488130314e-01
9.240650978102232793e-01
9.331253180300266292e-01
9.459177697700299481e-01
9.602003812751394030e-01
9.742417903577125227e-01
9.870709148472365246e-01
1.000000000000000000e+00
1.010402342987638313e+00
1.016455696340077708e+00
1.024577631461566662e+00
1.035055291277588774e+00
1.042930989841555300e+00
1.051475027300124987e+00
1.059393256153440266e+00
1.061876621357910500e+00
1.074628291938500624e+00
1.091647198694883913e+00
1.109791367030836362e+00
1.124372282315691862e+00
1.147895877754993021e+00
1.165694952609194868e+00
1.185783844088486694e+00
1.205852233529200346e+00
1.225973027449514419e+00
1.242943555417478363e+00
1.257016618482178494e+00
1.276557770558520488e+00
1.290706774448881822e+00
1.309627998886385480e+00
1.333475075155629685e+00
1.357949881251163449e+00
1.382765711912039563e+00
1.403036554612391296e+00
1.424300520038675355e+00
1.441968222589045334e+00
1.461913948118766626e+00
1.479951701136727804e+00
1.494776304150223778e+00
1.515066588951269777e+00
1.536662086336522570e+00
1.567975600017091686e+00
1.594751790089262045e+00
1.621730883917600341e+00
1.647703401322071715e+00
1.673039502637894360e+00
1.693502456439293535e+00
1.715915786125878917e+00
1.732445306349581715e+00
1.748076081665266956e+00
1.773193827798821287e+00
1.812473715176100120e+00
1.850068362381043219e+00
1.887638102232953585e+00
1.920699723056392916e+00
1.950423172812413286e+00
1.975137975007245306e+00
2.006762720848739079e+00
2.031026857695835908e+00
2.057901881209841743e+00
2.086204683511554858e+00
2.115649015237938801e+00
2.143745414953075468e+00
2.184298417520571522e+00
2.222510601850092193e+00
2.262400380705327674e+00
2.298778618046317668e+00
2.333975022600386140e+00
2.356558567621966027e+00
2.395022700991229492e+00
2.413366371699292579e+00
2.433593811971137111e+00
2.467982757241069525e+00
2.511907416455572140e+00
2.562301886943663121e+00
2.610796208369614124e+00
2.676044818260378211e+00
2.728655638947156792e+00
2.768595414034917379e+00
2.830549841421618140e+00
2.929757658054757741e+00
2.986467482346516711e+00
3.084924643383694765e+00
3.100584946673849540e+00
3.038496119945603979e+00
3.088687604560985900e+00
3.152606392063575846e+00
3.225268794716709131e+00
3.307267671896213734e+00
3.377826261305915789e+00
3.455792205495228142e+00
3.534079024561922910e+00
3.613633957836137611e+00
3.693986573461986556e+00
3.776069815386272399e+00
3.854518059362396887e+00
3.934976050165217565e+00
4.022414596824110511e+00
4.130771645334446518e+00
4.248442165922035940e+00
4.339957451960026802e+00
4.465576406073737736e+00
4.626897121989474115e+00
4.802595231263115494e+00
4.933580889129171254e+00
5.125248182833853861e+00
5.299801663326879186e+00
5.408546040807770794e+00
5.546222129267192713e+00
5.719092506002952270e+00
5.885741585871746118e+00
6.092214992922375671e+00
6.257136794133246305e+00
6.477702116376367947e+00
6.624716399129841449e+00
6.830753976457293319e+00
7.094022617142314857e+00
7.423277113352853007e+00
7.849215782581466350e+00
8.103242484845072369e+00
8.294968404762267156e+00
8.677907271789626620e+00
9.224486725519248864e+00
9.716060977789053865e+00
9.953774058570612482e+00
1.051514637191924884e+01
1.072722120960806969e+01
1.125209955489000002e+01
1.195609005605387054e+01
1.316266595640939485e+01
1.342301477094964213e+01
1.340747269408584508e+01
1.438169125355321754e+01
1.759487368225149595e+01
6.190892134642418654e+01
