5.091584487664309669e-03
1.115780522368755787e-02
2.278566914414167227e-02
3.250367438180013641e-02
3.234538648409904238e-02
3.138816300832175665e-02
3.494858966398568800e-02
3.952434680955648622e-02
4.350710051949226859e-02
4.697975705768217547e-02
4.758221042208941182e-02
5.141296287874953796e-02
5.785754937490587141e-02
6.349207876266729778e-02
6.774124704044434675e-02
7.266965486603120528e-02
7.773286235287625578e-02
8.284268113830144109e-02
8.748972775317921668e-02
9.155210304887761996e-02
9.634918139284620597e-02
1.034678997607580142e-01
1.117422161184002255e-01
1.210792847556511481e-01
1.305905919888745714e-01
1.399940587118544133e-01
1.482351873754029215e-01
1.551596893122066390e-01
1.604663352605728288e-01
1.664496762234902172e-01
1.717103263615708530e-01
1.773458073727307849e-01
1.863661981505143617e-01
1.942498811474847598e-01
1.988613254492313243e-01
2.039377242160850257e-01
2.108626537792039624e-01
2.183760404801260713e-01
2.297509001510270044e-01
2.445391417675165380e-01
2.557146578392481273e-01
2.664245808491458867e-01
2.708946990059788451e-01
2.750015630848673953e-01
2.806461537165392817e-01
2.887494049416211572e-01
2.944478272619258097e-01
3.001434969598684721e-01
3.066778478599819224e-01
3.133886720521473768e-01
3.200501327806536400e-01
3.268521981526265052e-01
3.348842215317899829e-01
3.437625073341789017e-01
3.532725662868420047e-01
3.621275881609900549e-01
3.678099595204777361e-01
3.780078270269612295e-01
3.882950796638928170e-01
4.034795033750630533e-01
4.136909338182099827e-01
4.244265924167410775e-01
4.338205720018956102e-01
4.443706691345435944e-01
4.562407402484675578e-01
4.667642460533930615e-01
4.806027310031970590e-01
4.984166114825255289e-01
5.163136108565133942e-01
5.295080911359137943e-01
5.396549786294259077e-01
5.476378211612146218e-01
5.551473513362839007e-01
5.649340342145678928e-01
5.799182618237984643e-01
5.895143713809957164e-01
5.980593326415680755e-01
6.102249268333443943e-01
6.191999132471560641e-01
6.279954156568816614e-01
6.360702931272059768e-01
6.466854725889675803e-01
6.550765743436316457e-01
6.668377967733233325e-01
6.748860436208303781e-01
6.849287557317624842e-01
6.949690539290683811e-01
7.047868853013081747e-01
7.125559151042921702e-01
7.198660361453603773e-01
7.294025635285328324e-01
7.409155639892537337e-01
7.503573059743857687e-01
7.610178566029655034e-01
7.706450045234299884e-01
7.762928113099006877e-01
7.804788108225773069e-01
7.869959848368787148e-01
7.889204403810884392e-01
7.975640874084807264e-01
8.047527232292034371e-01
8.111608439810842341e-01
8.253782280648581660e-01
8.300298580043220520e-01
8.412701206515095231e-01
8.569683101063364505e-01
8.690949242205094905e-01
8.783826064746853568e-01
8.871041984347678433e-01
8.919089772715403930e-01
8.963345754376124130e-01
9.018651769047487665e-01
9.008881093358300785e-01
9.011871530274186970e-01
9.063819851216188273e-01
9.061975487825355557e-01
9.121552323369128690e-01
9.146433720791076194e-01
9.088252321827534619e-01
9.115251696355215483e-01
9.135825661662030361e-01
9.029960153558479474e-01
8.908364819830759673e-01
8.889511691674647498e-01
8.861003934931365178e-01
8.942749785269554774e-01
9.330459562416276720e-01
9.723540461030180104e-01
1.000000000000000000e+00
1.022600160210469733e+00
1.042352891533598669e+00
1.051153965900192500e+00
1.065773108754785703e+00
1.080705285771050850e+00
1.099393891209422325e+00
1.115833637113501364e+00
1.130266366330050731e+00
1.155142807022398799e+00
1.169577105986632226e+00
1.171799229652098262e+00
1.181931603467550884e+00
1.184685553654861279e+00
1.193772038311439854e+00
1.201483110316997616e+00
1.210353551653420068e+00
1.219718945624903350e+00
1.228545211869710441e+00
1.246949709316264698e+00
1.267710309487606768e+00
1.286544823979139052e+00
1.307310450851758121e+00
1.328299710838194647e+00
1.345030998789520593e+00
1.361309787345672984e+00
1.379266410860916725e+00
1.401509573181503043e+00
1.415716803838558357e+00
1.432429635638014842e+00
1.452656607564686952e+00
1.476248735175864191e+00
1.499509020869860043e+00
1.527381372656527958e+00
1.552265121836321038e+00
1.569333871720957063e+00
1.586462575798825325e+00
1.604029501933359692e+00
1.631994502355585963e+00
1.662789903167238181e+00
1.691087677366125197e+00
1.720132222825679014e+00
1.755853776349999285e+00
1.779648481893719492e+00
1.790131218086501441e+00
1.801057647410655216e+00
1.781461072796778122e+00
1.769080039091308176e+00
1.744411033530535615e+00
1.707077653045723231e+00
1.722074665248054526e+00
1.783136935584318294e+00
1.884670908693901969e+00
1.991379065233887413e+00
2.053288680559664403e+00
2.117827908124005898e+00
2.160848620346258020e+00
2.220451329562579179e+00
2.262359510296246157e+00
2.311798234607633340e+00
2.343557292186976504e+00
2.383958206592025508e+00
2.398348434302157273e+00
2.413082888183752051e+00
2.431554515730808497e+00
2.440032971708927079e+00
2.468110670744248392e+00
2.507074859061839245e+00
2.540803923598537128e+00
2.590009726517114697e+00
2.636182761366874239e+00
2.695307967226136192e+00
2.733239704755991539e+00
2.777629443167193735e+00
2.801712028352633777e+00
2.841632924145282679e+00
2.893748134614781975e+00
2.939294750552409408e+00
2.975298434645227807e+00
2.995068961965849041e+00
3.024224383527320814e+00
3.059549402754090597e+00
3.074775458546986417e+00
3.094169664743395831e+00
3.158724883932982230e+00
3.314388741520056580e+00
3.474876861720051835e+00
3.639143513614123027e+00
3.803886939290189950e+00
3.963740468604861622e+00
4.093915681645746041e+00
4.194272416742133913e+00
4.367700703374911342e+00
4.508719468898464200e+00
4.541809269237772284e+00
4.696265277164997087e+00
4.835821343508384551e+00
5.059700142159156755e+00
5.136912867012680017e+00
5.360573678095563288e+00
5.509554736631359084e+00
5.591021614771029213e+00
5.871021358620989616e+00
6.037156948608818574e+00
6.203766629964805546e+00
6.392635318394596311e+00
6.330127939747026922e+00
6.580294269284997277e+00
6.785349121096291292e+00
7.209899785509526815e+00
7.276103220435395258e+00
7.453203566418940440e+00
8.026613650757044027e+00
8.547923517879070232e+00
8.948680992723408778e+00
9.333672913166262575e+00
9.687132642642065861e+00
1.021412495532830711e+01
1.072262616693915582e+01
1.146190823128893577e+01
1.234980565221098381e+01
1.333302319623347998e+01
1.592863472809795056e+01
1.507491561339522157e+01
1.554791370753087776e+01
1.886052777979404382e+01
2.118608521904107889e+01
7.417966881641062571e+01
