0.000000000000000000e+00
0.000000000000000000e+00
0.000000000000000000e+00
0.000000000000000000e+00
0.000000000000000000e+00
0.000000000000000000e+00
2.668623121543249946e-02
0.000000000000000000e+00
3.002201026747160911e-02
0.000000000000000000e+00
1.622556314604250982e-02
1.459697625043180139e-02
7.689963509752290906e-03
6.629413141172325365e-03
6.751743005951080061e-04
4.508275665564721456e-04
5.939914188436467082e-04
1.157863852865608943e-03
2.541239627195549661e-03
6.209646870166329706e-03
1.013458200186411091e-02
1.365061866420984489e-02
1.659687791594653683e-02
1.960056178710700703e-02
2.327769171712233340e-02
2.700470194720833855e-02
3.090059526110136567e-02
3.503918589276596579e-02
3.926217613048033767e-02
4.377274263522323849e-02
4.895148901776159855e-02
5.378315924812229060e-02
5.908888288392587923e-02
6.427801200839745877e-02
6.948390513494270837e-02
7.418548182105344502e-02
8.008625821632707475e-02
8.609816298020665781e-02
9.149168780951527635e-02
9.637084400922071858e-02
1.007484253298599336e-01
1.056772062163169323e-01
1.098894102979184606e-01
1.151049534831329740e-01
1.207090005634756241e-01
1.264673167477848581e-01
1.327225747237233688e-01
1.384297159229558316e-01
1.456672846759137219e-01
1.530661557804026962e-01
1.596927912922892212e-01
1.671444678005669093e-01
1.751013700212911139e-01
1.821461125646630097e-01
1.900449469769225075e-01
1.979570623150856967e-01
2.054219830952785097e-01
2.121541172722828938e-01
2.186718695192935991e-01
2.258468696476462756e-01
2.334543543864787962e-01
2.401149052351389257e-01
2.481549363553831322e-01
2.569464768087527107e-01
2.625385720768301234e-01
2.702727612444836836e-01
2.779677868856607059e-01
2.873648052132143915e-01
2.966849543663739319e-01
3.035534525833812891e-01
3.156289298203227012e-01
3.234162424978114792e-01
3.327313986646808774e-01
3.389296006580581055e-01
3.502180090512067023e-01
3.604108027757778054e-01
3.680326345090211837e-01
3.779992053844278277e-01
3.865035924058607408e-01
3.952298791533427891e-01
4.055660883212092171e-01
4.119508092451739656e-01
4.214531328308309677e-01
4.312275572792877987e-01
4.406569356075041299e-01
4.503485942513992257e-01
4.557447355031852831e-01
4.687029902858060315e-01
4.803851729786638991e-01
4.913425256728070067e-01
5.017145641071971696e-01
5.193688728675692756e-01
5.263157093208045145e-01
5.401606323441069391e-01
5.545748862927766254e-01
5.656041165031323592e-01
5.812355368149464407e-01
5.935133730721053880e-01
6.064719204964410526e-01
6.207825107202542547e-01
6.347605959878623860e-01
6.483318969093098127e-01
6.597922199854469039e-01
6.813235623395859086e-01
6.965179609720379972e-01
7.044611831672079605e-01
7.229826898832780735e-01
7.386646588753374987e-01
7.468964337933717834e-01
7.595871704312060491e-01
7.659328940335139446e-01
7.813013087054044847e-01
7.933319362366503258e-01
8.052214293269714940e-01
8.140689813887824755e-01
8.231578064394845518e-01
8.377723038531276201e-01
8.427212054631867399e-01
8.593664494437306400e-01
8.687237606761937236e-01
8.779917878420689936e-01
8.945370667065400960e-01
9.050539463611649849e-01
9.300833734834145217e-01
9.381481521346664021e-01
9.455626654419831967e-01
9.656102723366354335e-01
9.833605807693780454e-01
1.000000000000000000e+00
1.008082376591090901e+00
1.022372828126298705e+00
1.043932272323658816e+00
1.046239331140877749e+00
1.065325023122144943e+00
1.074031635393078998e+00
1.095484943184810600e+00
1.109526249724741120e+00
1.125658192733498542e+00
1.139729342950825064e+00
1.158769919723794839e+00
1.165078093115260005e+00
1.185020079699030005e+00
1.203628429256706767e+00
1.212771708749830646e+00
1.235458833229169162e+00
1.246048820821256786e+00
1.268846304741612752e+00
1.275182683087864977e+00
1.294979632683308512e+00
1.332209174663191886e+00
1.323515205642480819e+00
1.363633830552547055e+00
1.385846105826065155e+00
1.399847444357447790e+00
1.421780455081260497e+00
1.429030982712049536e+00
1.447691906122749783e+00
1.464130274111713481e+00
1.487834137938730761e+00
1.500412464656307510e+00
1.525331177413405737e+00
1.549397203820194413e+00
1.553852952429795264e+00
1.590412435231527422e+00
1.616135412112670533e+00
1.613897811125618365e+00
1.655528446234990403e+00
1.683395639981473790e+00
1.681681142422523312e+00
1.718851689726633936e+00
1.740963261715170241e+00
1.752963116871370852e+00
1.785752598912506484e+00
1.798290222820428053e+00
1.818395950959529106e+00
1.833032021419811697e+00
1.876779787228305407e+00
1.906831064839388024e+00
1.948991222518762889e+00
1.950498649207605961e+00
1.999629716568565252e+00
1.997243208166076256e+00
2.045213152521891953e+00
2.074108240677866366e+00
2.087143394935739416e+00
2.129992882880006544e+00
2.147550874221558104e+00
2.188030979305909174e+00
2.232350207222436378e+00
2.270162972838622562e+00
2.274831626054011124e+00
2.309455432546013043e+00
2.315114411956024743e+00
2.348040092266638013e+00
2.361897985729185301e+00
2.407198771693857431e+00
2.431011627039135092e+00
2.471809263095968046e+00
2.496040189427463307e+00
2.550354168602313898e+00
2.592782782298807209e+00
2.629453800277500086e+00
2.649885542971364139e+00
2.665634340996967833e+00
2.740941080842581368e+00
2.752689484865256997e+00
2.766219188323085998e+00
2.812689651401174995e+00
2.875489269375393508e+00
2.897072121645957399e+00
2.889874209269879479e+00
2.955727401446694103e+00
2.986435423157028701e+00
3.044323620499891359e+00
3.049055218569280079e+00
3.161485045788982706e+00
3.115901697196999720e+00
3.206790093666942454e+00
3.223371647617462532e+00
3.325178953783940905e+00
3.329614572760419833e+00
3.421417789009820964e+00
3.433640270277561690e+00
3.489231793060961540e+00
3.552770351745536015e+00
3.594529039113180335e+00
3.669608288715291433e+00
3.704065074740483077e+00
3.747794768311540903e+00
3.853716452891082778e+00
3.892449541677513114e+00
3.989040149122005108e+00
4.012392167050806258e+00
4.105841333199088616e+00
4.189727289246907738e+00
4.264137033952316358e+00
4.351328887082255292e+00
4.462065468102167642e+00
4.543012795180294994e+00
4.610520457936768679e+00
4.792912831836460441e+00
4.930097684071736097e+00
4.978513683036567272e+00
5.066630319385015291e+00
5.273167998064923978e+00
5.481355534008320873e+00
5.643498817157289515e+00
5.842456494411759849e+00
6.068368410880966124e+00
6.380411557806668021e+00
6.703730664285916241e+00
7.181990476010090774e+00
7.526993169920014104e+00
8.211362984410905952e+00
9.387921424434800599e+00
7.760102936564696563e+01
