1.130617317904527297e-01
0.000000000000000000e+00
0.000000000000000000e+00
0.000000000000000000e+00
0.000000000000000000e+00
0.000000000000000000e+00
0.000000000000000000e+00
0.000000000000000000e+00
0.000000000000000000e+00
0.000000000000000000e+00
2.226481512832387613e-02
1.578538695743514700e-02
1.361468219769294309e-02
1.469297404529120235e-02
1.175702080217202843e-02
3.063870350472016214e-03
1.659630743040935467e-03
2.011000480614882294e-03
3.018515301901410815e-03
4.877042870000315548e-03
1.021814275846424404e-02
2.337787784000096292e-02
3.065927623378566710e-02
3.667862293396047246e-02
4.061990934966793615e-02
4.508346211016724114e-02
5.040890386317579963e-02
5.514859981282881768e-02
6.070585374017176128e-02
6.572164137008600082e-02
7.062119346508813345e-02
7.551647567378977355e-02
7.958743306246342242e-02
8.371976234741214384e-02
8.782014580227512357e-02
9.211759922627645036e-02
9.672199331468127326e-02
1.014070601876831818e-01
1.069412929592292866e-01
1.127716210277575348e-01
1.186109745667864868e-01
1.245284578700257549e-01
1.311447747951209053e-01
1.368962156430778287e-01
1.435035466185320963e-01
1.491926019397906422e-01
1.542410503155741408e-01
1.591870454589306427e-01
1.637717412244247273e-01
1.691770516455276818e-01
1.745690685546234244e-01
1.799286429533351883e-01
1.853087246583532410e-01
1.909995065220470578e-01
1.969192592191828239e-01
2.036921789745688161e-01
2.108244656601893918e-01
2.174624248351709754e-01
2.251031085657849151e-01
2.325402518380577932e-01
2.388927688153428541e-01
2.465756938824048561e-01
2.535974605880878530e-01
2.610810508916599493e-01
2.676691659289835434e-01
2.733879051078375588e-01
2.806126058059194572e-01
2.869520011842619511e-01
2.944900313831307903e-01
3.017055199710952929e-01
3.075922702200584724e-01
3.143512602900004338e-01
3.209831139440154080e-01
3.288060225505209933e-01
3.358419892090483971e-01
3.431959235957344201e-01
3.508341645881413728e-01
3.594898503869154993e-01
3.684088971392464051e-01
3.764644134390218166e-01
3.863518873231155948e-01
3.945619475653235342e-01
4.045264129221309846e-01
4.146986556950997826e-01
4.249175008547908527e-01
4.362056320439497425e-01
4.464479402336730129e-01
4.562844181523843523e-01
4.672652063790208032e-01
4.780266579705201302e-01
4.890328693261182802e-01
4.990217212517615297e-01
5.100071099828671350e-01
5.214460118135908484e-01
5.331450533648368628e-01
5.449554833742535909e-01
5.568934587263981717e-01
5.673673198004292040e-01
5.788224322955403123e-01
5.904104211132032987e-01
6.000277504151669827e-01
6.117294155539041434e-01
6.248979932408113003e-01
6.359192787861203122e-01
6.491490604845085999e-01
6.610162127539728205e-01
6.738412797879641536e-01
6.864626342873458853e-01
7.009941065041496167e-01
7.124394798260277328e-01
7.280604626485294162e-01
7.422221362143087697e-01
7.556266536394028455e-01
7.688190794857451271e-01
7.843866290279468689e-01
8.007021923359797233e-01
8.162574265738962165e-01
8.294843218463475720e-01
8.482566519827486884e-01
8.626567266764605391e-01
8.782614859842766686e-01
8.927344510673137501e-01
9.080680030581592677e-01
9.252323577119753173e-01
9.424705844059807491e-01
9.557051090679087313e-01
9.719682798136149993e-01
9.851918067688369973e-01
1.000000000000000000e+00
1.018129574660512349e+00
1.027953887001849864e+00
1.046181246078947691e+00
1.057976905020034053e+00
1.076477659539454512e+00
1.094333101633427452e+00
1.106859752013332754e+00
1.120020801518775810e+00
1.135562491651416428e+00
1.148994806346403719e+00
1.167497623464327283e+00
1.176237808647730310e+00
1.193471962374385242e+00
1.206365090398010320e+00
1.223497367173839612e+00
1.238839625131552324e+00
1.255531660588561138e+00
1.266584038468615114e+00
1.285647976363958334e+00
1.301587544849687417e+00
1.316068898188545777e+00
1.330955133476596108e+00
1.352879888739536796e+00
1.368788302264551948e+00
1.386184174528176438e+00
1.399725196829443963e+00
1.417058527447749849e+00
1.434295769010308641e+00
1.452780078104437100e+00
1.470022159700705267e+00
1.486469778859823787e+00
1.512178556722216571e+00
1.534111632076648135e+00
1.551393938267738193e+00
1.567856549709639058e+00
1.593344856344422800e+00
1.616047478546414951e+00
1.631847713529408272e+00
1.659906769768284329e+00
1.678581790156058018e+00
1.699582787134821027e+00
1.721542640519949430e+00
1.747132197347996962e+00
1.769362062163195803e+00
1.790984296232153605e+00
1.823657924322412471e+00
1.849201329613299194e+00
1.874749817617088699e+00
1.894875024001598574e+00
1.922891977073376335e+00
1.944283426396415271e+00
1.974459971653494073e+00
2.006373126022810371e+00
2.028247203742878924e+00
2.056309153116087973e+00
2.085993993852335304e+00
2.113926175370960170e+00
2.138815830694251297e+00
2.163607629241619978e+00
2.197669042126783268e+00
2.225884877276051999e+00
2.248293367899365958e+00
2.277483680557781387e+00
2.309956791563755552e+00
2.337264734419916223e+00
2.361473176773578153e+00
2.395527593471954653e+00
2.417513130441669933e+00
2.452881571462514287e+00
2.479334179185452847e+00
2.506121804762265093e+00
2.546247656730491027e+00
2.570058915780568665e+00
2.602662353552144037e+00
2.639382922310876012e+00
2.664182335819428982e+00
2.706740160634131254e+00
2.732976529196391446e+00
2.769204978565318331e+00
2.793540831517692169e+00
2.838658947457820325e+00
2.876595163177684711e+00
2.908182852632597459e+00
2.937764162713669247e+00
2.985060050841566781e+00
3.017653546066745740e+00
3.050260194060887109e+00
3.084271997392052711e+00
3.130026524099408736e+00
3.170030940844059675e+00
3.209938757706229939e+00
3.257769939167479034e+00
3.309327025144037648e+00
3.351503362419065102e+00
3.388659101345548930e+00
3.430198348320305346e+00
3.480547184843529429e+00
3.520766035031282382e+00
3.578431894162957150e+00
3.624143849442314380e+00
3.647507620191019928e+00
3.719486207948864642e+00
3.763270476848190160e+00
3.814903362182922031e+00
3.863496372811427992e+00
3.935813656373697178e+00
4.003391884686880786e+00
4.061970807367308645e+00
4.120581604736072379e+00
4.181663513358417461e+00
4.280459191682843390e+00
4.358749970009436758e+00
4.461359256038875287e+00
4.526578546913067491e+00
4.652038840732129366e+00
4.729948698966190079e+00
4.877097498409288967e+00
4.925630120683655910e+00
5.073446438604919173e+00
5.200708471217422080e+00
5.368311076356697242e+00
5.489946957500870361e+00
5.738324547962282196e+00
5.956230468326568328e+00
6.233413628119476080e+00
6.635674175527995544e+00
1.112428025937157372e+02
