2.191575404067985788e-01
0.000000000000000000e+00
0.000000000000000000e+00
0.000000000000000000e+00
0.000000000000000000e+00
0.000000000000000000e+00
0.000000000000000000e+00
0.000000000000000000e+00
0.000000000000000000e+00
0.000000000000000000e+00
2.049899442645121764e-02
3.632580430511791417e-03
2.715683929523040555e-03
3.226755553470316007e-03
4.664151601798474829e-03
9.658620704989656636e-03
1.780070114381262711e-02
2.424207601502930548e-02
2.909656565473473649e-02
3.287414579260687642e-02
3.633667664772774475e-02
3.919828161748295514e-02
4.189850744831589979e-02
4.484658417458613905e-02
4.834828457400133783e-02
5.189178051270825626e-02
5.509371805627739233e-02
5.891629744668896995e-02
6.211372419439276787e-02
6.636334598398943574e-02
6.952871761050204158e-02
7.345522979735437386e-02
7.806241261856150526e-02
8.187438771050505049e-02
8.552263288291957199e-02
8.974644037092367743e-02
9.398312277945361504e-02
9.836741660701418810e-02
1.030152072469848745e-01
1.075184193218061413e-01
1.124149209210753009e-01
1.177253586397535162e-01
1.226021010584978504e-01
1.275256680350985994e-01
1.335974736360001358e-01
1.387256365358035537e-01
1.439492483273244749e-01
1.496850706535716446e-01
1.551161032768566816e-01
1.610704024524257649e-01
1.668799885136200978e-01
1.721999114349621052e-01
1.777920909571722163e-01
1.838145247725489484e-01
1.894752381554972998e-01
1.954722332800379880e-01
2.017312694802580186e-01
2.078464640695368015e-01
2.141438510027545983e-01
2.209159191343964823e-01
2.273717322321587297e-01
2.350438628110009531e-01
2.422791385638277672e-01
2.499507005806426985e-01
2.562783673933641815e-01
2.632051640378202384e-01
2.697538025738557832e-01
2.773643600235610740e-01
2.842795060662059448e-01
2.919860063549174489e-01
2.990991938276524320e-01
3.068960822514555375e-01
3.152987684000275737e-01
3.227614365163754551e-01
3.303683713124545007e-01
3.371385532440995259e-01
3.449189930840978469e-01
3.526573024350830865e-01
3.610030619337632474e-01
3.688753592364950040e-01
3.763088780120230070e-01
3.836809628565322483e-01
3.928620266247443427e-01
4.000155012699024848e-01
4.098851482954585790e-01
4.174932757977361519e-01
4.278554005680372807e-01
4.360545587698776981e-01
4.462173348574314802e-01
4.571393980691630943e-01
4.670963298864066471e-01
4.779439005573139498e-01
4.875733527766726305e-01
4.992652375557303790e-01
5.105869726211181847e-01
5.231383379351666196e-01
5.352986922369747935e-01
5.459859082838793842e-01
5.600367232054405120e-01
5.702323079013417173e-01
5.827881635913103597e-01
5.949019822694268100e-01
6.085020071327200686e-01
6.201258900861131851e-01
6.327089201155847720e-01
6.450822523455695956e-01
6.564091526985333935e-01
6.714607263094497513e-01
6.825331636620965980e-01
6.954872162480428832e-01
7.082664507516297503e-01
7.199346087940114991e-01
7.345732337657044919e-01
7.490763010745782324e-01
7.624651087667564386e-01
7.770430921762504495e-01
7.924681929075365616e-01
8.061928207853350514e-01
8.220929196516967297e-01
8.375203173582530525e-01
8.528818317407227401e-01
8.698550891737976132e-01
8.866680230411774222e-01
9.046292667632586104e-01
9.217511001690655847e-01
9.395783877845739207e-01
9.588834863107672524e-01
9.795674902698435771e-01
1.000000000000000000e+00
1.014704291091944155e+00
1.033456953861409122e+00
1.053066631177548729e+00
1.072012241071864880e+00
1.098777869570476184e+00
1.114780368938935506e+00
1.134099859249564357e+00
1.154816650138551060e+00
1.177511102201666437e+00
1.197462980409134792e+00
1.218048546382316077e+00
1.237181843613752275e+00
1.255838674341303030e+00
1.275333672014696829e+00
1.297654288816941115e+00
1.312753129799789420e+00
1.335463930076592032e+00
1.355728208392401157e+00
1.373249913034945591e+00
1.392492524376856000e+00
1.411838991882295558e+00
1.431916954474459214e+00
1.448610942611361807e+00
1.465771497737105467e+00
1.481974448050926263e+00
1.503073297269778008e+00
1.523339270922658972e+00
1.540084602948153636e+00
1.557444625995943799e+00
1.578234830521933585e+00
1.597096633374775809e+00
1.620716641989411899e+00
1.633026417868930880e+00
1.657868493935696241e+00
1.681036239186838310e+00
1.698010078569180514e+00
1.717748632174533885e+00
1.743015608469063338e+00
1.763541553566450260e+00
1.787212111939882275e+00
1.814110176655989282e+00
1.833529449079870144e+00
1.854471781682035747e+00
1.890041322095256104e+00
1.913710373533799025e+00
1.930874226149739581e+00
1.956476312988346455e+00
1.986508416663812726e+00
2.019348230205319616e+00
2.041850956528044492e+00
2.073273639618309350e+00
2.099459391394842278e+00
2.125968988515225533e+00
2.162817654935769163e+00
2.185798025435693681e+00
2.216069227753048931e+00
2.246846171141826609e+00
2.282301275864090151e+00
2.308503696495080693e+00
2.341722283335832877e+00
2.367747866587448513e+00
2.395577140893286217e+00
2.441488649357963947e+00
2.471386215532311859e+00
2.502675029515345706e+00
2.529335207339559854e+00
2.559689435237106014e+00
2.594483324177694339e+00
2.622596275244735597e+00
2.659085751513834417e+00
2.696527528640286331e+00
2.726175193775782546e+00
2.757213306270080988e+00
2.792064977451343299e+00
2.827874637014463399e+00
2.858285190326461667e+00
2.891884391002784938e+00
2.927723402328169300e+00
2.965227594384005627e+00
3.003420339203503264e+00
3.032545146294779670e+00
3.070372203931909905e+00
3.102283886324132212e+00
3.153708549034735409e+00
3.192802825155554025e+00
3.231732697946090305e+00
3.271259242052342309e+00
3.319045694032752181e+00
3.351423840001962251e+00
3.402659517854104809e+00
3.444247731281012470e+00
3.481521981987649283e+00
3.530931259688676160e+00
3.586538957718381049e+00
3.630019676384823590e+00
3.666102186012948572e+00
3.728921891914850129e+00
3.783899690211653954e+00
3.822500389236467733e+00
3.886536635773245152e+00
3.923371125727478592e+00
3.992522435157698002e+00
4.052483924367597190e+00
4.118538113039684312e+00
4.162686690099888231e+00
4.249905846264251608e+00
4.287114306155846322e+00
4.359121390005671337e+00
4.428617231001853227e+00
4.497358648672816983e+00
4.561961161154301614e+00
4.652055333054245345e+00
4.724480932677822764e+00
4.801489236346192513e+00
4.911522420235312048e+00
4.966875595820391176e+00
5.093891915397597003e+00
5.219018529252845262e+00
5.333760400378351640e+00
5.477040608076836570e+00
5.619136964540717649e+00
5.779130701158823769e+00
5.929269300270830101e+00
6.165053551427693179e+00
6.423372484420003303e+00
6.775999377007042135e+00
8.209273255807401881e+01
